FALCON (0)
-25.2640321
1111 0000 1111 0001 0000 0011 1011 1111
4042326975

-57.7222661
1101 1101 1001 1000 0100 0111 1111 1011
3717744635


CDE (1)
-25.5094141
1111 0000 1100 1011 1001 0010 1000 0011
4039873155

-54.6061911
1101 1111 0111 0011 1100 0001 1010 1001
3748905385

ENCARNACION (2)
-27.3369131
1110 1111 1011 0100 1011 0111 1101 0101
4021598165

-55.8806681
1101 1110 1011 0001 0100 1001 0110 0111
3736160615

ITA ENRAMADA 1 (3)
-25.3430061
1111 0000 1110 0100 1111 0110 1101 0011
4041537235

-57.6452401
1101 1101 1010 0100 0000 1000 1100 1111
3718514895

ITA ENRAMADA 2 (4)
-25.3611751
1111 0000 1110 0010 0011 0001 0001 1001
4041355545

-57.6481451
1101 1101 1010 0011 1001 0111 0101 0101
3718485845

P.J.CABALLERO (5)
-22.5483711
1111 0010 1000 1111 0110 0100 0100 0001
4069483585

-55.7043821
1101 1110 1100 1100 0010 1111 1001 0011
3737923475

MCAL ESTIGARRIBIA (6)
-22.0057271
1111 0010 1110 0010 0011 0001 0100 1001
4074910025

-60.6198501
1101 1011 1101 1110 0010 0101 0001 1011
3688768795

CHACO (7)
-25.0570631
1111 0001 0001 0000 1001 1000 0111 1001
4044396665

-57.5357861
1101 1101 1011 0100 1011 1100 0101 1011
3719609435
