AT$APP PARAM 512,38,0,0,0,0,0,0,0,0
AT$APP PARAM 512,39,0,0,0,0,0,0,0,0
AT$APP PARAM 512,200,4,0,5,0,1,66,0,0
AT$APP PARAM 512,201,4,0,6,0,2,66,0,0
AT$APP PARAM 512,202,5,0,5,0,1,65,0,0
AT$APP PARAM 512,203,5,0,6,0,2,65,0,0
AT$APP PARAM 512,204,4,2,5,0,1,91,0,0
AT$APP PARAM 512,205,4,2,6,0,2,91,0,0
AT$APP PARAM 512,206,5,2,5,0,1,90,0,0
AT$APP PARAM 512,207,5,2,6,0,2,90,0,0
AT$APP PARAM 512,208,4,1,5,0,1,94,0,0
AT$APP PARAM 512,209,4,1,6,0,2,94,0,0
AT$APP PARAM 512,210,5,1,5,0,1,93,0,0
AT$APP PARAM 512,211,5,1,6,0,2,93,0,0


